&----------------------------------------------------------------------------------------------  
&       BLOCO 6 *** CARGA DOS SUBSISTEMAS ***
&       (REGISTRO DP)
&----------------------------------------------------------------------------------------------  
&                     PESADA              MEDIA               LEVE             
&   5     10  15   20        30        40        50        60        70        
&   ++    +   +    +--------++--------++--------++--------++--------++--------+
&   IP    S  PAT     MWmed    Pat_1(h)   MWmed    Pat_2(h)   MWmed    Pat_3(h) 
&   ++    +   +    +--------++--------++--------++--------++--------++--------+
&DP
DP   1    1   3       48310.0      40.0   47362.0      48.0   37555.0      80.0
DP   1    2   3       15471.0      40.0   14982.0      48.0   10785.0      80.0
DP   1    3   3       13663.0      40.0   14288.0      48.0   12041.0      80.0
DP   1    4   3        8613.0      40.0    8601.0      48.0    7847.0      80.0
DP   1   11   3                    40.0                48.0                80.0
&
DP   2    1   3       47906.0      40.0   46927.0      48.0   36885.0      80.0
DP   2    2   3       15291.0      40.0   14838.0      48.0   10646.0      80.0
DP   2    3   3       13744.0      40.0   14311.0      48.0   11928.0      80.0
DP   2    4   3        8592.0      40.0    8579.0      48.0    7779.0      80.0
DP   2   11   3                    40.0                48.0                80.0
&
DP   3    1   3       48486.0      40.0   47449.0      48.0   37686.0      80.0
DP   3    2   3       15393.0      40.0   14902.0      48.0   10751.0      80.0
DP   3    3   3       13921.0      40.0   14517.0      48.0   12266.0      80.0
DP   3    4   3        8487.0      40.0    8478.0      48.0    7721.0      80.0
DP   3   11   3                    40.0                48.0                80.0
&
DP   4    1   3       48754.0      40.0   47696.0      48.0   37893.0      80.0
DP   4    2   3       15450.0      40.0   14953.0      48.0   10790.0      80.0
DP   4    3   3       14062.0      40.0   14652.0      48.0   12388.0      80.0
DP   4    4   3        8435.0      40.0    8429.0      48.0    7674.0      80.0
DP   4   11   3                    40.0                48.0                80.0
&
DP   5    1   3       49145.0      40.0   48327.0      48.0   38224.0      80.0
DP   5    2   3       15485.0      40.0   14941.0      48.0   10848.0      80.0
DP   5    3   3       14062.0      40.0   14775.0      48.0   12454.0      80.0
DP   5    4   3        8444.0      40.0    8465.0      48.0    7675.0      80.0
DP   5   11   3                    40.0                48.0                80.0
&
DP   6    1   3       50532.0     152.0   49460.0     184.0   39333.0     312.0
DP   6    2   3       15469.0     152.0   14938.0     184.0   10908.0     312.0
DP   6    3   3       14411.0     152.0   15092.0     184.0   12792.0     312.0
DP   6    4   3        8431.0     152.0    8443.0     184.0    7695.0     312.0
DP   6   11   3                   152.0               184.0               312.0
&